Промежуточные расчёты решения СЛАУ:
Шаг 1.
phi = 1077
F:
1	0	0	0	0	0	
0	1	0	0	0	0	
0	0	1	0	0	0	
0	0	0	1	0	0	
0	0	0	0	1	0	
0	0	0	0	0	1	

Шаг 2.
phi = 200732
F: 
865	-122	-175	-169	-163	-158	
-122	951	-93	-123	-116	-101	
-175	-93	914	-129	-117	-126	
-169	-123	-129	870	-123	-180	
-163	-116	-117	-123	920	-112	
-158	-101	-126	-180	-112	865	

Шаг 3.
phi = 13606505
F: 
142955	-18230	-50724	-25132	-42294	-20126	
-18230	143225	-9769	-26449	-34896	-8513	
-50724	-9769	137230	-13118	-19277	-15085	
-25132	-26449	-13118	128502	-10631	-49285	
-42294	-34896	-19277	-10631	137679	-4944	
-20126	-8513	-15085	-49285	-4944	113337	

Шаг 4.
phi = 365638761
F: 
8721943	-396132	-4327421	-1346543	-3266771	-827036	
-396132	6853708	30063	-1976113	-2814282	119437	
-4327421	30063	6871573	-126930	-325171	-571635	
-1346543	-1976113	-126930	6378261	82647	-3196195	
-3266771	-2814282	-325171	82647	7049510	177510	
-827036	119437	-571635	-3196195	177510	4944520	

Шаг 5.
phi = 3327175680
F: 
212934752	16386600	-124007336	-37633108	-98281272	-9214892	
16386600	105059272	-3831504	-46224486	-62450754	12155690	
-124007336	-3831504	126520165	10368326	28595631	-4668871	
-37633108	-46224486	10368326	97489889	24038585	-51415717	
-98281272	-62450754	28595631	24038585	125804382	-689854	
-9214892	12155690	-4668871	-51415717	-689854	63469062	

Шаг 6.
phi = 928908484
F: 
1722922380	450134832	-1059683484	-467248172	-1009251972	61205928	
450134832	149046632	-275552172	-135474696	-280662508	20585880	
-1059683484	-275552172	667077322	284304176	612886314	-40608498	
-467248172	-135474696	284304176	152944738	276388950	-32074462	
-1009251972	-280662508	612886314	276388950	614851372	-37869412	
61205928	20585880	-40608498	-32074462	-37869412	20333236	

Псевдообратная матрица:
-0,608	-0,13	0,359	-0,298	0,829	-0,75	
-0,154	0,075	0,209	-0,081	0,139	-0,249	
0,342	0,123	-0,252	0,292	-0,5	0,432	
0,162	0,091	-0,199	0,007	-0,148	0,261	
0,457	-0,027	-0,241	0,151	-0,429	0,433	
-0,051	-0,07	0,117	0,021	-0,001	0,012	
